198
436
814
912
500
635
128
100
222
621
932
394
171
538
879
370
840
391
108
647
552
183
784
339
443
984
243
712
402
785
973
76
601
767
891
253
219
994
923
714
272
993
195
105
976
116
613
802
590
547
558
92
663
218
880
123
440
887
668
520
778
158
734
325
628
468
888
920
674
324
351
228
738
19
729
663
976
580
929
709
957
911
560
197
563
694
780
914
988
561
163
526
657
196
859
632
85
585
28
939
775
602
973
41
218
828
686
109
281
887
440
215
281
523
936
722
29
441
473
381
532
20
885
486
890
862
671
790
829
30
46
354
579
741
149
592
6
938
530
484
936
24
162
2
880
100
792
712
242
94
269
477
693
447
603
246
558
315
505
187
499
776
88
239
800
10
417
614
826
177
125
7
892
176
113
135
684
160
605
990
265
985
742
198
727
935
785
330
658
265
101
312
131
106
649
484
690
784
454
492
692
954
108
383
11
972
479
885
776
589
703
653
790
951
580
452
677
941
670
956
462
145
909
179
481
674
719
386
547
114
249
841
148
39
551
113
952
781
217
34
430
549
524
874
693
201
681
389
994
216
689
460
417
620
618
524
469
23
509
921
599
703
907
774
997
866
470
285
243
254
970
85
921
117
815
935
389
380
255
992
155
569
719
202
917
928
969
110
28
112
823
474
394
118
392
316
588
213
822
44
677
123
590
67
962
711
66
770
905
254
960
739
479
348
193
710
753
374
830
190
924
348
637
203
512
30
770
331
87
16
273
993
964
517
403
489
26
375
452
704
144
31
266
662
641
108
443
340
408
270
382
796
600
860
542
31
335
718
919
476
653
539
410
744
775
929
609
962
983
926
19
241
451
424
480
113
727
67
506
807
215
979
609
444
131
51
735
326
737
299
889
331
206
657
943
610
699
170
969
92
166
68
401
828
467
897
466
712
613
863
930
123
396
79
667
491
997
514
345
994
946
153
914
144
447
557
468
601
872
91
965
287
190
98
194
214
994
600
919
406
910
598
297
661
58
693
879
594
369
356
478
68
686
935
662
100
690
636
21
482
350
66
109
886
896
592
732
145
738
460
191
795
149
570
282
636
837
988
606
76
760
635
252
318
926
814
347
169
604
880
511
376
847
128
472
101
244
104
454
290
113
10
605
849
27
823
493
903
254
251
764
319
213
985
702
949
761
902
26
280
222
911
201
229
227
521
548
383
486
606
525
109
83
460
579
45
111
794
3
589
952
551
833
277
450
625
106
115
261
435
612
468
401
104
659
204
463
843
471
494
491
59
541
856
260
544
374
523
97
140
340
772
247
899
671
47
244
843
592
812
371
87
113
244
841
241
527
903
551
798
236
516
952
723
381
329
838
773
390
132
434
835
322
63
274
691
23
911
744
858
262
945
859
613
248
834
233
195
733
770
134
22
518
213
677
589
269
755
856
887
711
786
223
25
43
368
551
951
156
188
407
645
446
528
952
830
21
587
670
169
1
758
438
295
803
907
174
541
59
691
853
844
418
196
143
8
954
49
451
458
648
828
698
31
395
788
273
566
452
527
950
960
516
267
496
233
524
99
931
538
273
563
753
734
88
360
803
149
277
299
860
621
419
314
434
449
555
531
655
443
770
336
865
957
95
489
246
526
93
406
700
419
238
556
136
164
717
393
334
201
197
761
520
9
888
127
181
39
424
228
655
802
496
844
131
94
74
622
196
578
657
664
326
132
876
254
333
893
263
54
190
116
150
784
267
273
323
6
784
26
231
160
889
306
84
410
717
714
107
721
768
858
973
381
990
877
773
463
768
398
921
229
234
455
488
226
126
232
137
140
351
313
857
455
238
337
440
602
716
5
565
441
663
910
159
98
886
4
950
822
643
225
465
5
229
273
421
742
788
956
858
481
358
198
684
126
70
621
686
383
68
821
798
973
621
123
512
954
926
713
714
326
553
523
143
846
370
403
217
827
490
733
181
302
861
301
952
410
852
187
410
704
782
815
642
998
97
870
18
355
644
47
853
484
400
355
491
264
638
446
743
214
181
800
874
467
96
5
140
773
663
889
967
178
244
749
284
38
334
37
197
103
25
176
469
621
733
511
791
175
111
242
709
788
21
158
840
282
109
620
791
526
365
543
462
614
954
25
697
462
474
834
235
241
46
162
115
148
335
936
553
921
137
155
895
772
391
708
957
766
255
198
725
216
134
500
112
656
299
304
668
858
808
544
554
271
400
443
906
415
222
740
712
760
975
595
737
761
721
804
670
812
384
225
649
480
510
188
80
999
589
356
959
97
288
537
93
726
466
623
968
112
120
667
675
37
398
974
102
717
729
71
849
317
530
170
839
360
688
964
662
856
894
475
532
586
514
527
494
687
677
722
908
270
724
695
877
474
915
734
107
877
812
947
209
463
410
768
341
378
698
995
210
495
588
273
667
591
157
799
568
644
33
37
285
833
308
415
106
750
583
259
239
904
891
279
374
923
651
979
234
274
116
972
109
237
855
616
219
328
740
569
420
212
218
951
205
441
609
570
890
49
989
673
18
952
949
578
808
276
561
808
894
659
789
809
519
315
38
130
72
391
605
747
77
829
289
828
73
702
98
202
237
548
961
499
359
796
271
753
955
351
59
389
474
962
659
18
628
305
679
166
548
634
679
134
23
113
944
683
309
130
995
447
960
821
528
471
855
396
246
820
595
756
989
262
18
884
962
201
454
310
18
12
615
123
990
531
790
832
777
268
998
687
285
913
571
288
893
278
959
350
786
587
808
952
911
293
82
173
915
725
472
737
219
135
824
601
202
579
199
480
168
287
626
755
508
619
809
62
930
457
463
557
535
800
975
122
886
834
512
800
376
307
242
123
260
580
321
895
590
935
63
561
798
741
721
896
872
704
873
684
470
299
43
361
316
973
364
8
978
668
717
965
677
491
401
498
678
783
914
588
478
203
426
660
784
34
704
644
206
327
826
399
195
756
166
82
580
802
584
690
439
76
422
792
303
730
227
360
179
50
295
697
169
872
400
689
509
90
868
980
278
546
488
170
452
3
538
56
101
360
958
824
762
577
407
490
985
64
781
596
626
748
466
865
642
665
938
258
812
804
414
843
526
345
756
722
570
174
353
758
213
594
743
692
300
463
394
228
304
683
41
469
797
281
519
510
931
52
321
440
911
119
431
312
866
408
56
157
217
416
703
932
554
715
682
635
574
255
591
366
474
63
739
223
22
303
519
616
268
706
866
401
106
629
823
566
189
389
242
910
275
439
693
67
502
390
142
717
860
280
265
41
849
145
434
29
766
432
250
317
93
236
118
298
417
425
981
825
144
413
232
589
141
162
149
807
495
801
55
602
917
774
98
293
173
441
393
183
539
350
874
731
842
37
583
227
747
595
525
158
167
903
940
135
97
725
198
333
934
939
972
265
119
809
262
470
372
8
913
140
8
143
154
717
169
576
227
943
830
65
137
872
512
888
358
587
870
660
878
104
850
246
104
670
606
74
392
496
479
439
122
914
950
926
888
88
876
105
151
567
640
25
571
47
103
389
376
425
55
196
791
932
350
671
841
24
729
392
710
352
86
563
711
195
693
810
293
320
541
213
452
764
892
44
813
154
490
815
639
482
947
501
459
475
921
643
677
316
871
568
627
884
932
154
74
396
789
566
824
976
110
942
345
106
334
71
905
334
940
487
632
463
28
426
4
589
508
257
459
51
118
459
895
575
484
916
977
953
191
387
443
825
779
510
797
294
404
940
427
157
483
868
950
580
847
809
506
896
145
650
363
581
411
57
712
826
708
38
404
339
468
732
612
386
287
321
189
425
392
999
799
118
163
32
302
359
11
577
553
50
587
587
15
130
263
179
306
913
823
855
969
529
250
941
185
72
143
811
861
350
144
134
566
140
327
701
316
541
970
283
466
632
65
267
532
780
146
243
569
982
224
354
756
569
264
618
27
702
101
580
288
478
807
706
780
614
201
177
736
536
153
940
18
212
837
687
368
239
953
517
664
466
545
197
599
873
306
697
661
714
408
192
814
63
744
102
729
161
232
675
469
593
991
457
505
965
478
77
695
649
153
240
945
123
751
660
863
140
293
872
273
923
775
234
368
180
427
866
132
399
727
769
457
410
585
25
695
838
293
555
265
841
527
231
882
320
335
606
670
111
345
156
823
795
169
281
881
592
380
683
866
812
686
183
452
844
277
218
533
949
210
822
326
329
126
375
605
603
849
96
228
140
459
601
818
581
126
569
814
706
905
350
214
936
455
518
111
5
196
166
346
351
874
855
827
488
565
948
850
595
974
491
635
284
455
795
863
686
210
271
26
486
823
462
916
227
282
844
902
514
761
100
987
871
74
142
563
861
627
186
858
360
474
117
562
856
776
231
730
522
58
797
731
913
226
596
236
900
353
475
677
164
190
649
561
561
909
218
876
90
836
62
937
609
342
64
445
851
714
845
690
67
962
325
461
971
793
315
960
545
256
275
364
866
740
766
958
55
609
539
539
20
400
968
873
687
891
194
835
577
557
710
445
349
706
496
778
872
128
688
555
965
907
226
400
296
21
542
632
412
708
426
987
888
639
885
854
951
562
128
750
65
714
210
209
571
73
355
440
984
702
431
1
229
129
784
998
776
632
958
898
816
144
342
388
655
807
574
496
485
846
852
566
340
854
482
798
273
338
36
266
378
445
579
311
877
825
443
724
430
408
618
331
191
640
376
43
511
244
454
390
803
902
988
442
283
704
88
535
722
438
924
224
585
993
639
447
845
564
457
247
614
49
432
999
125
977
673
676
738
507
921
262
592
438
940
810
747
140
994
394
637
234
272
774
590
78
699
152
943
727
620
392
641
47
822
966
346
39
261
67
869
516
178
173
535
87
177
488
32
640
100
942
433
941
839
554
269
610
792
745
387
384
793
586
282
896
225
375
553
599
408
247
42
72
33
49
76
278
57
56
373
336
968
43
954
802
106
606
849
324
620
370
219
731
101
917
591
493
819
993
266
940
242
561
370
493
521
309
281
624
912
438
498
411
352
678
414
88
618
120
879
321
522
972
270
83
455
820
689
999
95
486
203
913
963
566
425
989
374
1
577
99
662
741
185
632
537
909
348
180
827
788
232
882
703
599
96
415
951
879
247
802
872
317
470
338
787
155
412
376
946
758
771
270
352
512
169
979
508
594
254
689
165
329
268
16
226
859
362
318
287
327
955
732
528
635
374
8
565
637
155
466
608
115
793
676
603
66
412
61
242
224
700
933
359
802
792
712
545
902
348
404
97
107
163
749
520
683
990
116
14
701
187
831
639
636
147
854
349
501
726
213
452
832
164
800
373
871
142
352
424
355
735
607
168
583
150
33
884
728
414
706
225
950
572
280
792
843
946
380
453
406
69
232
173
524
925
29
891
221
696
654
549
967
73
631
990
233
253
24
53
567
871
413
869
361
808
473
901
299
494
869
413
166
338
981
237
205
228
923
201
458
973
502
966
670
135
92
217
896
535
831
111
511
5
56
87
547
572
16
309
950
709
962
391
345
199
844
988
264
130
515
309
844
745
737
673
812
593
758
264
550
540
827
917
144
541
722
981
912
513
559
991
562
349
895
923
515
508
43
862
625
685
760
713
490
839
96
742
756
686
464
836
577
891
425
259
837
638
280
181
958
397
889
442
560
78
285
888
52
551
825
315
685
570
581
893
290
914
783
439
813
946
575
522
234
335
408
86
309
784
509
453
66
778
191
456
13
734
638
802
369
975
211
472
201
16
83
881
777
487
122
205
545
846
194
441
535
816
388
275
319
767
733
660
278
68
709
542
13
237
516
415
324
566
851
762
984
765
153
328
466
609
536
560
911
264
137
482
33
706
400
698
492
520
157
619
663
552
248
344
887
109
635
548
324
118
110
88
835
746
35
207
630
410
720
84
177
456
844
816
88
88
278
330
931
155
142
863
625
217
601
160
436
413
586
495
335
740
181
633
638
553
244
186
383
941
374
700
584
129
902
45
597
572
932
321
252
795
177
860
571
255
926
66
722
482
959
684
77
436
707
550
316
465
125
291
61
213
479
638
200
917
393
300
25
918
755
113
969
997
148
607
307
60
369
345
155
309
204
703
576
850
806
251
898
56
372
551
41
81
690
486
375
908
410
554
31
778
181
731
403
519
168
396
3
975
839
556
327
801
2
777
674
560
311
82
868
921
562
887
103
855
294
1000
644
544
564
399
277
834
152
113
507
87
636
499
252
493
934
783
218
417
971
439
878
757
826
973
312
195
285
602
143
571
74
313
724
134
436
201
925
825
206
316
257
713
889
239
624
283
420
389
667
269
334
981
832
773
676
497
977
121
665
178
155
231
320
362
869
734
920
703
119
188
470
113
626
834
338
381
206
353
338
152
931
589
191
609
728
69
564
345
974
693
574
952
792
657
889
701
729
303
501
133
815
438
488
485
584
117
412
773
203
604
551
419
835
403
284
770
543
977
530
642
952
322
912
281
777
542
468
957
728
52
462
292
80
276
46
67
192
379
83
695
243
379
844
64
108
735
369
708
784
519
685
86
198
559
248
736
382
703
644
387
766
128
146
17
723
846
861
855
273
222
259
643
327
421
993
26
656
609
686
705
377
311
122
695
103
743
193
224
850
350
404
924
309
628
481
288
484
582
601
836
373
871
989
959
304
89
983
252
206
701
613
916
300
433
496
604
813
672
344
991
191
48
945
455
828
896
835
268
695
218
190
647
609
878
54
410
947
549
755
633
459
726
637
499
77
434
402
581
985
726
988
876
265
570
630
333
46
527
300
90
116
291
582
834
673
714
471
579
296
456
604
141
811
646
651
943
530
940
828
342
827
704
860
496
265
360
842
254
578
319
472
20
305
836
402
801
239
828
827
149
145
26
180
429
289
744
44
768
785
178
494
128
773
986
53
477
393
869
603
922
662
739
540
518
341
354
644
417
752
900
475
550
567
622
635
51
291
711
667
381
918
111
68
13
276
315
775
673
759
551
232
280
378
712
999
562
311
104
310
900
400
663
777
103
9
188
267
550
202
407
427
652
842
755
662
998
564
40
812
425
794
596
899
352
698
220
674
923
835
422
969
489
916
928
403
753
853
620
784
613
976
964
532
943
228
787
772
634
623
753
457
684
669
388
924
530
478
837
229
973
9
929
672
70
469
573
7
500
746
627
976
5
504
54
632
808
430
306
532
659
177
996
598
142
80
9
743
388
197
511
489
173
233
862
769
339
51
479
347
162
171
25
591
259
688
659
165
271
307
280
824
544
571
990
235
224
355
767
428
930
706
40
997
594
852
264
182
704
828
380
592
268
551
387
932
396
629
114
983
370
68
895
88
338
878
322
834
676
376
807
604
534
726
56
230
207
369
626
257
921
63
538
89
41
41
948
692
808
653
537
84
106
759
404
709
231
622
512
238
142
470
273
308
918
246
725
922
764
349
444
14
920
530
466
763
766
612
114
780
327
948
774
926
127
472
896
302
851
322
3
396
621
670
422
238
515
328
996
68
338
380
837
505
681
428
591
269
659
83
30
185
373
958
907
925
611
877
212
198
744
709
786
268
521
631
216
37
918
697
727
391
156
221
549
681
233
951
450
205
767
338
517
2
948
142
349
608
523
613
445
367
418
790
630
578
67
981
598
407
3
417
840
323
105
906
532
719
38
833
22
34
36
234
833
264
239
714
987
347
733
482
418
397
690
248
859
433
114
474
101
15
429
85
80
821
101
793
158
525
861
507
506
469
704
466
342
283
606
315
342
513
790
135
46
922
198
646
30
402
568
984
375
18
625
862
269
515
659
488
179
874
938
918
436
512
261
301
585
289
843
845
341
744
187
117
428
247
254
594
954
235
337
741
469
76
205
761
150
39
823
711
737
862
522
48
818
122
340
581
780
640
248
681
265
933
730
782
273
602
354
278
335
335
868
346
447
32
432
23
368
568
866
895
962
626
496
761
260
98
749
67
278
926
109
368
189
357
755
843
279
283
269
656
479
189
899
105
857
118
997
389
339
532
214
822
91
272
600
930
805
103
327
853
800
823
943
23
557
826
272
198
561
111
641
834
311
107
699
138
493
9
130
738
726
545
167
189
72
616
62
476
173
765
379
637
736
855
467
104
504
163
833
369
85
484
60
67
19
25
19
990
618
284
841
42
179
340
373
749
875
647
812
579
843
763
264
151
285
60
870
790
393
675
484
286
514
280
29
353
468
953
936
766
801
948
14
552
710
738
590
236
313
424
967
553
719
253
636
937
604
812
138
676
997
880
209
514
71
658
686
753
982
259
822
872
199
53
765
821
645
638
843
8
393
540
984
410
310
949
732
12
618
205
554
70
732
739
901
638
444
616
387
366
216
120
972
482
227
968
640
304
932
63
129
67
606
892
858
665
543
535
675
152
250
485
286
531
785
303
414
500
606
423
33
259
355
358
815
182
10
984
99
969
454
47
37
754
604
885
471
913
974
618
198
825
828
26
682
332
39
428
565
295
557
941
440
134
284
950
370
938
968
58
584
244
480
627
368
594
447
82
665
304
527
352
244
525
743
655
892
851
139
570
291
844
49
38
756
901
5
328
239
133
431
276
262
335
847
858
694
762
879
349
606
241
274
315
419
96
847
392
986
324
6
320
63
197
35
224
9
124
379
657
310
676
828
580
488
222
140
280
799
642
413
107
706
695
711
216
362
572
832
870
56
108
863
559
444
664
526
297
597
77
799
334
315
3
39
861
465
749
549
233
557
188
951
576
42
799
895
817
728
90
975
473
742
561
766
862
54
923
19
377
816
976
199
396
166
69
52
181
196
949
854
493
652
392
266
188
469
684
198
509
134
449
945
398
797
866
888
470
530
958
479
814
543
687
528
334
275
325
659
655
311
393
662
393
721
88
142
826
912
338
334
83
954
571
393
247
271
799
659
150
473
293
705
732
154
665
507
792
217
314
280
219
522
151
865
798
759
602
798
94
662
228
277
131
775
507
638
394
937
517
32
450
1000
734
27
345
846
343
302
76
629
968
560
689
368
466
706
13
687
867
494
492
850
51
964
834
856
271
427
264
64
265
950
615
990
172
139
270
479
36
362
309
355
238
796
149
514
246
630
311
781
221
653
990
805
272
663
812
226
702
369
360
927
23
366
766
480
323
16
651
57
972
635
353
916
774
835
630
820
944
364
650
360
559
974
570
82
482
736
166
505
594
591
628
700
636
541
122
493
798
567
300
39
353
300
857
176
809
399
191
886
293
271
732
950
621
652
312
203
436
568
330
364
714
619
202
695
144
808
428
695
460
473
755
700
14
32
492
564
278
341
207
710
858
408
245
120
945
122
483
153
201
193
389
206
705
297
946
266
564
955
142
880
902
501
972
685
866
368
194
94
849
531
712
789
478
656
587
450
568
864
868
885
547
72
448
398
841
565
600
638
667
167
105
389
449
437
59
752
214
593
83
683
712
242
933
116
360
634
789
458
98
917
410
807
292
389
156
580
407
7
972
598
925
968
590
499
470
837
580
260
845
593
751
378
476
570
166
733
838
72
297
448
952
271
889
931
821
445
262
608
209
313
26
32
80
393
858
735
930
424
583
263
393
752
454
23
718
584
732
76
126
989
606
467
819
969
257
154
617
755
981
547
806
409
927
283
609
354
639
111
267
627
61
806
597
775
957
884
944
637
633
938
937
363
124
731
925
19
109
417
744
207
597
421
814
60
214
634
843
333
907
823
196
362
153
436
680
192
154
474
317
404
26
401
608
766
747
949
561
370
824
398
128
283
126
844
686
174
192
528
502
659
686
461
525
834
53
790
62
685
846
90
116
946
288
332
724
191
714
785
420
871
43
609
929
600
450
585
518
712
22
39
816
496
79
965
948
63
115
124
367
618
524
160
153
10
981
220
186
759
599
163
593
982
654
563
35
7
437
40
346
399
620
3
529
711
922
473
168
290
480
289
39
227
831
134
435
450
36
387
625
792
670
83
807
915
105
402
969
433
90
730
345
181
197
993
906
888
193
557
871
223
768
347
608
303
450
350
282
912
886
596
715
791
167
647
521
17
950
600
17
970
277
384
811
546
933
54
158
235
266
127
826
352
676
786
875
920
943
304
447
221
134
906
816
722
295
948
67
712
453
984
963
42
370
143
65
107
733
329
462
432
513
93
838
123
731
31
124
609
292
884
214
147
439
19
198
296
401
136
969
52
757
556
977
778
890
194
387
259
686
190
912
496
189
321
894
846
249
649
573
264
728
285
330
775
940
920
976
769
500
721
353
603
225
113
152
892
686
668
285
792
272
449
771
119
891
353
703
179
516
221
262
277
391
57
306
663
84
383
490
500
9
472
339
312
870
997
247
461
373
354
894
374
631
917
34
879
402
306
178
964
303
548
310
364
646
989
441
820
47
262
450
244
409
701
818
989
914
686
358
534
166
671
269
677
209
341
867
710
943
663
47
993
843
588
554
617
880
36
576
140
435
28
427
482
36
259
745
704
939
775
683
994
7
720
343
998
704
147
592
578
355
33
780
346
921
478
29
184
777
819
731
736
378
490
829
724
999
395
362
75
695
171
851
490
320
283
917
154
824
821
909
237
164
155
140
288
202
699
50
481
33
299
846
768
969
886
368
655
830
373
724
618
437
217
559
570
197
297
786
574
54
235
595
423
761
120
177
741
44
178
773
706
386
889
788
748
127
630
413
111
897
367
546
111
747
233
753
388
143
282
813
553
329
929
838
415
953
278
507
479
68
161
714
618
704
869
469
114
366
972
160
1
783
441
26
711
763
180
943
276
508
158
996
14
325
951
593
27
271
1000
620
945
826
403
240
499
926
232
474
192
644
417
627
392
586
705
110
297
553
419
229
681
871
541
871
727
695
601
999
460
72
900
619
599
288
445
216
120
542
682
622
820
633
762
320
558
881
956
132
100
774
962
445
46
746
358
73
80
651
745
508
299
539
924
898
812
702
460
277
579
42
37
83
199
23
57
354
226
829
605
619
33
642
417
375
311
492
752
54
245
255
655
690
582
742
967
940
365
386
321
96
311
622
608
454
502
478
270
604
836
21
63
740
163
217
177
391
580
71
108
68
420
711
320
234
139
89
365
848
934
995
965
704
23
825
835
690
420
203
387
852
757
173
689
592
728
434
57
74
585
317
71
896
541
511
122
967
555
290
790
884
408
478
736
846
732
684
73
754
471
129
49
964
906
347
35
262
139
613
248
155
520
666
537
991
477
25
726
630
143
128
198
948
236
498
38
483
293
180
298
908
546
46
266
514
705
821
218
725
596
756
17
90
76
72
530
637
7
314
341
819
954
700
887
467
776
345
215
475
630
361
183
692
370
372
349
541
941
690
333
705
630
221
920
546
250
224
828
897
423
43
717
191
785
535
190
704
550
52
803
485
47
318
71
23
425
582
856
636
81
838
712
302
993
712
410
727
948
841
633
143
880
778
456
132
945
104
981
114
762
651
255
420
341
970
344
476
173
982
629
90
507
918
731
351
437
260
821
906
715
21
654
934
811
364
870
922
741
484
511
569
232
836
752
657
606
585
117
644
134
717
653
185
630
416
121
573
234
207
929
824
673
61
61
805
128
592
241
762
368
921
349
287
118
343
707
270
556
842
246
146
574
898
739
566
111
147
972
75
676
604
469
660
139
144
192
809
655
466
677
212
177
847
110
373
638
81
473
197
743
142
870
277
582
61
134
153
847
393
44
790
796
204
463
554
275
709
311
324
935
498
475
638
844
310
14
453
212
358
763
111
24
294
548
147
251
554
452
884
266
830
998
894
66
595
815
249
85
930
474
108
842
483
559
848
470
995
842
344
19
726
446
993
896
582
504
995
778
531
439
109
695
795
766
783
526
112
198
445
290
499
130
594
690
283
721
423
615
87
69
366
640
705
753
262
245
412
776
946
956
364
428
112
683
878
921
601
184
294
327
161
134
522
369
348
10
532
237
583
620
880
23
883
135
60
106
181
926
439
735
607
181
790
326
835
515
847
834
932
214
861
677
723
853
583
549
719
844
570
654
121
520
197
591
252
71
677
426
203
558
558
263
409
913
752
359
285
320
858
893
750
50
169
724
783
151
108
581
12
216
143
960
60
249
937
297
374
35
19
615
315
827
417
216
310
214
851
949
539
526
633
86
692
596
131
322
977
987
149
823
260
986
381
490
910
516
953
111
976
729
38
164
714
150
894
814
902
523
876
722
739
503
415
842
46
93
62
922
120
530
403
68
810
928
932
35
701
620
393
964
827
876
526
777
153
843
407
378
885
444
332
15
730
409
228
15
986
284
39
915
651
320
851
317
225
266
931
488
141
157
853
397
859
534
583
830
448
378
265
794
862
911
790
177
806
58
680
913
315
61
2
622
882
391
614
386
32
707
468
545
29
522
293
498
216
415
331
44
605
269
74
369
324
904
324
142
829
771
428
618
986
894
625
958
632
91
30
74
545
883
135
936
871
910
875
154
230
196
490
497
135
50
264
429
37
944
666
408
49
438
356
265
547
533
111
725
320
355
917
689
564
828
326
712
828
347
538
792
405
270
597
753
849
668
265
60
299
570
27
6
840
813
566
589
19
692
417
548
298
364
237
48
272
140
773
459
401
322
690
689
635
191
99
51
659
119
728
207
54
870
271
479
672
135
75
371
490
169
468
631
145
359
262
743
133
777
361
953
436
860
984
247
838
844
293
187
27
947
521
427
217
793
778
385
860
566
886
580
328
473
566
775
290
747
924
533
562
62
529
538
757
190
729
951
232
398
425
109
290
852
276
479
211
362
247
425
606
286
709
592
727
704
139
293
119
900
194
943
43
166
34
677
242
631
909
24
703
190
882
513
620
881
880
36
119
156
639
807
201
285
114
770
990
737
160
77
618
889
996
709
483
342
575
645
627
188
581
616
830
531
647
505
302
800
961
443
735
398
656
727
4
230
496
329
179
340
93
352
976
892
813
625
710
87
47
346
784
890
164
291
57
252
134
670
938
553
204
830
873
709
474
582
468
22
466
792
934
381
550
887
922
708
698
865
409
258
158
648
459
59
21
177
924
548
171
525
586
496
321
801
741
562
109
454
437
436
522
182
545
675
432
254
220
79
236
745
259
21
730
840
457
304
208
47
20
654
280
596
212
84
656
989
571
502
66
797
964
932
385
632
835
500
547
886
844
246
292
928
754
404
843
718
707
260
21
643
924
515
930
603
895
776
717
204
808
873
937
77
979
573
320
558
207
950
693
365
606
853
232
729
441
39
646
831
326
393
671
306
516
261
385
277
464
293
225
798
200
973
705
417
493
979
913
82
828
982
714
666
813
512
819
734
609
371
844
108
57
974
979
628
558
558
384
522
540
334
264
260
374
85
769
283
554
887
495
568
692
580
41
219
305
678
26
155
944
892
341
97
732
797
72
320
788
557
460
511
620
361
302
912
17
230
273
259
867
900
556
118
151
715
222
97
932
68
512
421
693
608
709
817
558
100
154
604
224
466
554
725
167
609
710
270
742
729
186
624
223
301
177
11
432
86
243
75
275
378
622
104
699
944
544
412
115
188
93
443
494
388
654
634
954
689
583
918
999
328
197
393
45
278
490
777
781
113
366
903
331
711
231
130
714
81
541
218
999
823
704
691
287
804
747
454
853
871
820
456
978
319
462
659
132
542
83
437
156
598
407
335
777
564
836
412
685
982
965
438
975
988
75
86
562
204
635
59
819
964
121
529
951
567
110
253
58
620
326
513
773
838
280
584
184
661
155
884
539
410
422
32
663
692
300
146
66
17
518
773
350
726
98
68
47
927
736
356
521
584
985
464
672
189
710
225
329
836
782
11
956
620
595
15
530
679
243
715
150
946
516
888
222
863
659
545
49
2
570
634
175
443
103
194
753
371
350
115
143
159
582
158
462
122
431
729
949
459
956
534
231
110
164
865
888
46
571
911
222
207
414
653
140
865
327
410
355
492
567
802
130
519
224
874
426
691
304
917
925
952
927
826
325
740
192
921
547
899
367
565
868
196
362
441
576
25
290
162
713
77
12
624
597
821
829
77
180
15
871
486
627
175
462
394
423
927
285
207
330
962
969
245
114
608
499
997
871
576
444
767
695
330
158
539
503
218
55
533
70
24
239
701
584
643
885
798
43
464
666
766
70
429
383
897
843
777
709
747
772
270
273
363
276
61
315
873
399
950
401
15
753
628
435
612
831
648
395
915
797
407
377
720
560
968
150
182
269
751
83
744
419
791
86
7
201
155
865
292
831
183
277
339
776
101
299
612
9
47
881
26
925
113
814
928
682
590
582
333
175
186
126
252
269
226
732
670
788
688
133
407
79
436
960
632
528
883
30
84
736
389
714
777
104
140
359
923
935
188
558
455
206
627
401
281
718
552
529
472
95
946
835
782
499
851
914
18
803
716
444
719
156
700
971
728
811
565
736
28
478
210
433
608
932
761
178
489
696
166
538
305
942
651
584
488
668
517
765
870
898
491
489
205
645
948
916
498
94
390
862
725
520
662
849
735
292
997
14
221
566
260
570
99
954
649
465
370
854
643
780
544
22
51
302
741
818
348
148
98
597
950
193
185
895
98
811
106
511
875
118
824
579
519
471
691
943
321
734
669
193
16
775
708
44
414
719
130
551
918
899
928
385
109
938
89
996
126
663
158
709
556
698
567
556
143
187
607
471
384
927
963
898
762
879
25
374
886
996
374
755
462
888
342
854
191
627
749
644
3
670
390
132
230
444
676
490
333
250
497
532
111
550
700
22
583
145
4
107
404
397
9
10
824
333
272
106
505
26
45
615
417
321
768
127
751
404
428
77
322
956
176
130
533
551
110
701
332
583
668
70
441
607
833
484
114
985
623
960
433
927
782
295
181
378
484
670
256
950
927
525
826
590
651
696
124
596
957
823
818
262
147
878
387
308
649
804
662
189
530
441
347
273
563
978
480
957
503
253
244
551
75
143
40
507
623
859
422
710
626
642
727
515
495
979
429
400
535
912
476
153
836
754
641
882
294
584
290
136
533
699
110
771
374
621
391
181
563
429
169
91
667
214
49
24
758
979
169
376
786
960
776
233
539
593
970
780
867
524
571
407
540
910
107
688
858
675
758
43
525
686
955
807
738
770
347
918
525
483
411
467
128
16
574
592
282
519
662
274
952
90
487
167
167
421
274
644
955
577
638
810
461
18
890
552
714
955
832
227
411
454
299
865
840
877
689
348
345
129
475
682
660
399
388
329
34
782
382
135
912
959
654
691
763
205
589
531
80
326
13
565
20
591
763
343
987
54
424
892
852
508
499
461
956
879
341
641
288
873
135
230
718
517
237
501
715
251
568
963
157
215
658
349
207
877
605
389
291
590
16
648
18
915
785
788
723
395
823
181
105
756
510
835
164
649
128
235
670
139
818
267
748
193
613
432
458
713
65
413
403
289
948
802
604
841
942
116
719
825
815
477
905
501
943
648
10
504
683
806
503
169
555
690
760
584
841
87
596
211
588
258
727
98
852
30
227
643
865
13
450
353
948
949
980
796
569
828
422
375
49
231
591
993
338
211
806
214
537
205
587
528
136
565
951
306
203
795
71
932
430
486
79
514
204
457
740
498
769
533
407
348
954
510
927
364
408
118
421
192
404
416
584
563
237
759
675
450
62
526
895
859
904
116
383
75
382
437
374
755
460
47
306
535
969
172
611
291
85
531
43
999
101
455
240
363
807
776
881
468
393
710
866
539
601
469
395
632
790
803
999
370
813
498
241
808
589
924
410
575
239
655
10
563
818
104
458
585
215
376
613
442
794
6
132
442
515
388
930
316
229
13
836
878
181
478
563
107
538
265
205
103
316
729
621
158
675
573
690
897
618
785
951
345
696
169
995
701
525
483
538
836
814
937
57
604
277
743
541
794
173
621
638
473
659
349
786
273
735
697
942
899
85
377
480
214
229
660
167
766
481
160
829
124
604
186
267
501
72
781
798
693
557
686
306
164
515
731
468
378
590
183
211
21
673
261
924
842
365
825
119
259
947
110
332
88
616
910
346
75
523
54
604
633
974
960
395
313
672
397
712
439
75
57
871
735
232
942
577
869
164
795
104
879
787
888
23
811
243
502
648
139
454
471
147
350
663
621
59
133
863
168
507
971
97
161
486
564
601
377
728
733
211
916
886
134
755
306
225
807
802
576
164
782
194
413
971
656
467
483
176
144
49
933
619
627
866
939
539
712
914
993
576
268
939
351
374
341
676
172
130
389
414
641
579
564
211
283
682
487
350
521
898
564
58
48
450
9
141
708
840
341
310
787
788
799
118
740
183
233
416
473
30
628
357
595
381
233
405
426
168
143
654
989
141
301
224
195
392
527
443
129
531
530
55
780
674
854
183
226
857
802
359
994
592
548
899
816
231
570
515
633
899
751
874
233
906
53
607
324
848
47
807
306
273
184
139
358
717
715
210
825
625
738
84
596
173
151
823
943
288
129
731
895
719
305
822
338
110
37
58
390
176
778
262
543
269
748
837
641
358
488
67
900
319
443
54
549
721
343
996
524
227
981
672
310
339
965
621
198
165
562
688
367
242
566
900
540
66
797
884
770
319
556
451
689
426
410
94
862
301
406
908
167
518
890
154
522
120
148
936
58
515
344
921
916
394
385
88
106
878
877
211
82
507
290
2
744
194
168
954
274
457
177
691
482
896
325
697
98
216
700
511
44
86
105
500
787
391
189
552
282
331
217
928
257
976
724
972
42
823
583
809
959
490
270
718
481
371
420
306
858
354
584
853
708
673
999
333
723
655
114
680
220
665
212
920
23
773
63
498
70
483
171
268
970
475
419
425
51
416
865
150
43
80
949
64
409
317
225
313
729
900
295
983
743
44
640
590
100
561
541
670
972
181
745
148
373
5
883
400
545
472
953
141
667
969
983
436
453
814
856
6
467
392
358
779
149
516
20
913
89
360
749
481
735
938
924
976
323
72
225
141
975
317
791
224
621
781
542
441
275
294
611
197
691
192
906
686
901
332
617
699
898
566
697
270
218
424
519
440
34
31
83
63
315
379
235
922
55
230
569
69
646
554
957
133
345
338
105
617
866
69
748
999
239
39
866
941
386
250
917
160
1000
549
729
1000
975
604
793
240
315
943
76
350
395
313
183
63
594
743
463
335
739
272
581
841
749
402
250
138
82
387
845
128
699
842
219
348
790
160
742
166
632
812
504
316
160
205
487
673
690
448
132
812
923
109
250
911
993
751
864
822
853
840
76
603
640
886
136
466
612
310
30
425
755
253
573
71
310
295
774
789
410
269
165
429
727
836
929
622
198
385
595
568
995
612
18
988
915
420
620
211
941
667
17
372
561
140
996
809
394
86
55
938
53
995
973
11
81
871
808
678
627
959
795
782
982
109
525
114
726
824
681
268
114
450
556
465
814
179
61
154
827
888
693
123
770
909
948
735
910
505
536
827
208
752
174
338
570
181
609
436
966
400
97
815
228
641
181
407
218
27
982
8
49
324
564
883
171
910
22
759
138
98
964
496
509
667
506
13
351
437
524
380
413
578
470
268
678
195
837
387
290
699
458
533
133
373
262
102
909
106
151
463
8
572
213
989
728
45
977
924
436
378
764
953
553
205
535
788
353
716
275
597
451
452
388
9
428
831
153
721
835
508
450
790
7
577
733
431
459
754
356
43
979
373
781
423
653
619
421
673
727
531
478
944
277
148
132
708
448
49
361
855
134
782
771
314
892
982
848
279
274
155
746
907
574
222
206
460
39
513
899
184
773
480
355
202
789
481
506
743
188
803
305
73
59
838
674
138
495
981
138
281
835
459
110
680
245
183
488
185
550
798
927
434
966
632
486
846
78
848
737
407
213
865
59
542
742
211
101
229
138
692
129
570
157
912
672
14
880
190
413
628
566
97
918
622
108
87
171
425
333
405
57
746
67
748
422
560
945
363
858
475
983
134
776
443
893
880
610
661
298
404
71
511
556
240
899
554
9
209
206
758
142
612
401
494
635
119
286
862
769
118
186
722
765
51
407
170
589
780
482
378
787
596
693
732
262
161
595
746
458
330
302
901
557
780
806
897
364
808
321
707
760
989
358
954
288
570
344
177
684
592
980
341
819
630
18
135
105
362
36
297
734
406
569
750
872
488
175
222
785
919
436
346
482
291
485
779
784
891
169
604
620
109
250
951
248
350
172
735
851
11
731
779
805
6
524
938
426
628
631
48
363
665
692
25
23
931
535
572
916
382
345
834
452
753
745
139
744
480
844
878
981
195
534
245
91
992
326
854
352
219
848
535
624
721
439
203
51
106
618
560
961
831
236
85
735
563
725
155
451
800
321
300
849
214
829
118
242
329
15
250
169
742
974
855
20
237
175
234
73
988
676
191
763
935
104
325
815
495
372
184
610
778
744
754
31
281
876
87
740
852
502
693
78
565
221
130
823
607
442
601
702
137
161
922
485
911
998
611
249
541
271
286
816
967
117
544
103
381
438
533
410
876
850
118
438
879
954
534
540
514
754
739
977
192
412
996
652
133
193
468
731
519
975
428
561
410
547
210
375
18
236
277
200
903
426
300
365
441
625
369
843
36
290
855
878
251
933
984
974
619
544
981
62
688
556
675
517
414
56
59
189
54
150
73
873
637
987
535
671
581
505
498
252
283
46
912
117
165
487
344
299
940
936
798
973
428
463
19
507
49
23
490
290
480
52
526
122
559
522
823
585
284
627
920
905
106
66
173
882
818
283
917
507
274
1000
490
515
363
465
185
766
461
342
901
160
594
505
434
858
699
253
597
801
739
115
607
191
761
950
289
197
287
945
270
454
753
527
150
326
853
646
576
923
568
365
795
138
548
507
356
625
422
163
485
337
811
167
287
742
751
698
984
256
846
595
916
736
778
238
846
263
649
640
646
223
534
838
455
103
304
671
70
416
726
445
773
475
905
902
224
478
605
955
723
470
504
379
90
787
43
475
801
415
25
785
198
894
211
878
880
869
681
603
805
253
593
259
720
299
414
608
464
311
838
552
678
605
588
21
310
912
387
911
892
189
678
995
793
284
434
592
641
493
89
441
358
954
62
380
579
565
96
221
418
67
310
513
786
688
141
81
330
950
423
839
208
608
164
350
75
979
165
298
500
820
53
148
786
862
911
104
235
623
381
610
447
994
335
10
723
265
203
215
368
128
692
275
196
398
423
294
396
868
433
498
253
240
103
564
19
685
60
239
982
234
572
349
214
873
239
217
415
937
451
180
725
791
653
710
540
97
442
779
848
107
162
279
667
163
819
924
746
551
219
468
146
22
897
856
197
956
71
509
524
549
117
109
289
579
46
628
316
235
392
17
217
711
607
448
746
976
991
572
700
633
698
431
688
968
211
497
434
857
516
137
291
919
812
529
872
247
288
701
983
311
245
882
652
124
151
263
161
236
229
546
926
946
922
262
899
123
20
124
697
252
250
825
87
524
947
898
679
213
600
296
949
412
852
666
451
933
318
886
533
43
41
907
715
385
415
164
169
284
527
740
357
240
667
305
342
83
410
153
174
545
140
947
749
372
286
697
410
609
186
929
985
116
812
788
286
6
623
41
251
401
898
847
17
898
186
253
632
142
654
603
344
588
33
936
512
235
806
759
435
634
138
152
541
376
554
315
636
264
664
170
844
884
580
953
146
574
943
111
129
299
22
713
443
527
969
39
669
118
479
66
679
173
510
488
489
899
451
148
230
453
76
194
408
425
144
787
784
529
744
456
517
700
672
575
120
189
121
802
546
203
732
364
539
532
765
794
133
178
783
419
915
596
510
275
197
429
795
799
987
796
421
679
377
760
240
748
752
317
389
364
109
468
984
522
731
152
63
286
888
436
574
431
55
200
5
926
644
855
52
944
591
358
392
535
82
183
503
85
310
88
301
622
996
233
670
73
661
971
414
545
12
915
271
370
10
374
637
978
644
757
163
215
532
228
202
757
929
767
393
686
493
967
671
864
377
142
793
16
583
667
891
84
499
312
521
122
33
756
982
91
974
258
172
445
172
112
222
71
653
262
209
420
740
1
359
941
63
772
672
411
251
427
496
259
419
851
804
579
114
203
173
833
268
521
217
579
853
86
773
213
853
546
985
22
254
654
715
539
696
955
974
263
227
642
370
682
13
445
35
145
209
407
292
44
390
823
922
595
258
185
578
552
574
322
768
464
381
63
730
116
700
579
325
849
920
652
824
12
573
810
309
120
160
929
51
599
192
383
106
265
153
769
196
942
995
52
933
568
359
653
79
325
631
206
613
435
802
463
904
343
184
70
61
673
857
750
105
124
306
975
110
306
313
125
55
763
708
231
812
556
48
587
166
811
718
285
698
308
366
918
958
703
804
325
745
655
277
766
492
451
341
838
421
316
296
631
366
463
961
514
435
972
700
561
105
983
731
637
511
267
736
444
719
727
214
597
119
157
941
70
911
361
746
947
699
677
573
290
906
822
940
854
995
432
436
889
232
971
44
591
121
707
899
488
227
675
590
843
917
604
6
623
214
971
140
194
587
78
991
212
783
296
457
817
133
233
615
883
907
786
831
346
740
938
899
949
413
584
971
340
613
245
779
867
848
304
955
500
279
7
306
636
315
644
176
392
49
336
427
271
950
224
48
121
863
567
852
93
572
89
793
252
838
187
155
627
576
9
121
175
235
349
709
999
966
219
203
342
482
25
493
392
863
74
652
321
339
783
658
871
433
749
627
815
158
822
562
340
653
504
638
676
637
869
696
876
400
767
685
927
426
785
793
48
527
773
71
551
826
286
539
911
171
949
328
495
825
836
176
556
203
528
788
691
430
404
743
232
81
160
785
460
348
712
65
428
306
758
973
643
420
26
501
309
589
500
285
323
198
678
978
966
534
469
328
320
458
93
35
887
476
956
221
23
290
593
901
449
881
704
289
781
394
292
687
718
934
894
275
358
204
994
160
372
52
505
536
790
807
489
895
537
598
427
440
112
924
158
86
240
173
227
229
406
317
290
392
530
662
890
665
465
960
889
147
259
25
213
396
358
568
123
556
131
394
698
463
526
322
132
91
763
533
847
758
285
489
741
731
532
40
278
205
779
213
380
812
516
524
139
592
716
843
737
829
193
842
108
684
756
822
679
184
718
141
779
747
933
751
441
45
881
455
701
15
112
976
240
234
63
586
448
986
447
770
419
191
962
308
354
476
530
128
564
261
231
695
558
613
220
100
803
880
701
939
120
32
801
253
595
319
789
42
799
540
730
137
962
934
60
744
10
804
800
877
518
210
857
256
292
568
124
902
481
36
566
727
556
399
308
740
53
403
993
369
206
325
589
858
671
840
340
567
16
27
659
925
612
376
640
835
993
70
496
761
849
115
798
468
154
510
127
309
377
620
36
631
511
714
341
838
335
838
654
229
242
383
528
98
520
809
143
198
67
837
898
159
21
980
365
621
497
364
606
325
449
911
179
161
520
317
894
274
614
93
505
302
409
261
896
841
89
232
907
43
666
758
272
374
377
198
233
125
977
50
409
138
380
373
666
609
176
583
113
297
805
429
393
9
251
467
568
979
150
612
116
57
490
791
347
251
622
902
510
726
639
967
958
60
635
117
662
583
970
121
986
893
852
38
485
328
217
7
393
923
619
236
756
11
757
686
952
362
194
313
873
487
282
240
713
135
902
189
161
474
787
760
210
614
965
595
670
895
537
251
138
965
835
848
285
175
42
467
51
679
412
710
931
825
436
552
454
341
485
9
163
398
887
422
100
681
310
282
450
602
233
948
536
369
187
664
144
127
527
881
9
292
984
660
645
947
505
709
240
524
819
346
227
891
949
196
136
352
790
333
416
409
853
50
393
611
377
582
859
310
423
278
297
962
275
236
801
902
881
280
939
971
508
35
39
204
387
642
121
603
468
290
454
937
140
471
286
137
348
908
683
115
392
200
967
713
227
595
953
342
21
4
134
879
614
785
230
865
626
390
160
531
137
393
89
450
652
858
402
744
590
197
354
67
346
455
157
249
714
30
501
491
523
6
812
488
414
765
283
571
726
577
949
762
296
312
72
698
435
389
817
353
263
596
518
182
609
355
982
315
912
104
791
376
473
815
873
974
302
925
115
895
225
438
423
861
501
380
317
356
122
6
520
231
79
101
553
776
54
547
686
197
938
488
234
637
756
912
640
956
561
583
726
360
160
177
181
773
753
75
721
594
218
976
447
946
212
159
230
727
333
396
427
274
858
872
253
543
138
911
747
224
51
250
748
480
587
726
369
751
63
526
929
949
944
637
638
252
199
840
478
709
887
339
441
137
607
765
588
859
265
2
110
993
663
333
744
736
823
174
302
886
586
939
788
378
952
683
641
692
257
76
154
714
269
643
790
319
90
17
618
466
735
739
233
479
331
880
728
981
390
754
304
852
24
647
409
106
132
735
335
415
329
529
547
591
32
440
215
76
493
963
468
362
481
75
852
423
351
692
683
597
116
104
189
271
219
660
115
578
985
734
673
381
26
886
999
955
710
237
128
131
919
11
242
571
280
697
958
68
705
38
147
139
797
776
210
754
519
594
585
418
910
591
918
545
862
860
291
623
156
903
420
512
5
200
287
875
627
878
856
321
833
280
940
647
269
139
